7993.584079360415
8191.39413117144
8817.13180893116
9208.170110591
9025.24513502022
9037.540508739836
9006.348713330875
9006.19955212376
9178.41709756293
9417.134092181124
9366.04066891903
9230.929509632027
9208.818401945697
9284.461957767626
9301.61074874351
9285.63590763656
9306.036524397543
9095.180715743392
9187.79539104992
9240.319425957885
9070.555590216623
9108.36246094697
9300.646521947174
9210.696975753686
9155.23050842132
9061.88066322899
9139.39254198189
9236.364765642236
9178.752047449101
9207.061384089906
9242.049656976958
9224.1193606385
9181.9034295642
9088.901883817587
8991.916835263404
9235.01265678731
8895.927094055765
9080.564852034486
9283.725410611592
9270.10986496081
9318.9296789524
9162.37252206114
9140.843714954875
9025.994090181595
9379.582579019705
9106.200379810825
9237.819256184197
9282.72957470434
9173.37952079253
9278.94781488325
9198.870673533653
9259.263814861535
9146.026990568345
9211.037276811676
9220.280515760647
9456.476853751075
9197.201451609872
9239.70156842774
8994.30416785832
9171.33918394992
